temps <- c(15,-15,20,-20,33,43,65,38,26,31,35,14,24,39,28,18,12,5,35,26,44,21,7,14,14,31,35,5,16,19,27)
